20250812100948
20250812101204
20250812101332
20250814071751
20250814075525
20250814081203
20250815104855
20250815105134
20250816032758
20250816064932
20250816071459
20250816075511
20250816084750
20250816085030
20250816091920
20250816092013
20250816101500
20250816103936
20250816104824
20250818083155
20250818090504
20250818095957
20250820020441
20250820020713
20250821030743
20250821031113
20250821031452
20250821031725
20250913030924
20250914123323
20250915064702
20250916114025
20250917012749
20250917015559
20250918011821
20250918013335
20250918015824
20250918023458
20250919050317
20250919051802
20250919053144
20250924011547
20250924024226
20250924031040
20250924032140
20250924035559
20250924095421
20250924101616
20250925013326
20250925013556
20250925013625
20250925013745
20250925013827
20250925013910
20250925013957
20250925014027
20250925014126
20250925014202
20250925022600
20250925031047
20250925035353
20250925043837
20250925045402
20250925051500
20250925052304
20250925065138
20250926023424
20250926054013
20250926071811
20250926072157
20250926072659
20250926072930
20250927031406
20250927032025
20250927032259
20250927032539
20250927033111
20250927033456
20250929024605
20250929024808
20250929030737
20250929031859
20250929045010
20250929074025
20250929105342
20250929110520
20250929112525
20250930010618
20250930033747
20250930042223
20250930050522
20250930072538
20250930104542
20250930110045
20250930110116
20250930112518
20251001011419
20251001012026
20251001013114
20251001025909
20251001035101
20251001035608
20251001042723
20251001045146
20251001110931
20251002111857
20251002112136
20251002114014
20251002114646
20251003011046
20251003071651
20251003072842
20251003082949
20251003083908
20251003084150
20251003084956
20251003085506
20251003090121
20251003092126
20251003092832
20251003093315
20251003093711
20251003095705
20251003100456
20251003100814
20251003103500
20251003103931
20251003104858
20251003110453
20251003112743
20251003115652
20251003120015
20251004042547
20251004045140
20251004045531
20251004055935
20251004061957
20251004084858
20251004085401
20251004090224
20251004090507
20251004091754
20251004095413
20251004101052
20251004101551
20251004102300
20251004103018
20251004103322
20251004103730
20251004104933
20251004105456
20251004105646
20251004110141
20251004110452
20251004111338
20251004111550
20251004112410
20251004112702
20251004113047
20251004113731
20251004114000
20251004115024
20251004120102
20251004120544
20251004120554
20251004120916
20251004120949
20251004121325
20251005010245
20251005011835
20251005012327
20251005012535
20251005012808
20251005013752
20251005015200
20251005020416
20251005055558
20251005062826
20251005063651
20251005063916
20251005064345
20251005070744
20251005081118
20251005083349
20251005083902
20251005083924
20251005121324
20251005122555
20251005124958
20251006043856
20251006050510
20251006052901
20251006083049
20251006112715
20251006115805
20251007015715
20251007020736
20251007021411
20251007021529
20251007021922
20251007022628
20251007024217
20251007031042
20251007031214
20251007042004
20251007062012
20251007062748
20251007120033
20251008012429
20251008020237
20251008023806
20251008081050
20251008082641
20251008083046
20251008085504
20251008121128
20251008121419
20251008122108
20251008124805
20251008125005
20251008125239
20251008125719
20251010073459
20251010082547
20251010083153
20251010085723
20251010090527
20251010091316
20251010092329
20251011101222
20251011104731
20251011105828
20251012120815
20251013085029
20251014222137
20260120191627
20260120192732
20260120193842
20260120195326
20260120195416
20260128204914
20260129010755
20260129012356
20260129100658
20260130143658
20260130143925
20260211184806
20260211221421
20260212000343
20260212004204
20260212012817
20260212013757
20260212022620
20260212041458
20260212042720
20260219221050
20260219221114
20260222054009
20260222063656
20260222071145
20260222074242
20260222084142
20260222110313
20260226192154
20260310022436
20260318195854
20260318201116
20260319000225
20260319005152
20260319013652
20260319015906
20260319195218
20260319200532
20260319201824
20260319202609
20260319203844
